5.1 -5.55705e+08
5.10201 -5.65657e+08
5.10401 -5.75193e+08
5.10602 -5.84293e+08
5.10803 -5.92935e+08
5.11003 -6.01098e+08
5.11204 -3.47722e+06
5.11405 -1.06341e+07
5.11605 -1.72955e+07
5.11806 -2.34728e+07
5.12007 -2.91772e+07
5.12207 -3.44201e+07
5.12408 -3.92128e+07
5.12609 -4.35665e+07
5.12809 -4.74925e+07
5.1301 -5.10021e+07
5.13211 -5.41067e+07
5.13411 -5.68175e+07
5.13612 -5.91457e+07
5.13813 -6.11028e+07
5.14013 -6.27e+07
5.14214 -6.39485e+07
5.14415 -6.48597e+07
5.14615 -6.54449e+07
5.14816 -6.57154e+07
5.15017 -6.56824e+07
5.15217 -6.53573e+07
5.15418 -6.47513e+07
5.15619 -6.38757e+07
5.15819 -6.27419e+07
5.1602 -6.13611e+07
5.16221 -5.97446e+07
5.16421 -5.79037e+07
5.16622 -5.58497e+07
5.16823 -5.35939e+07
5.17023 -5.11476e+07
5.17224 -4.85221e+07
5.17425 -4.57287e+07
5.17625 -4.27786e+07
5.17826 -3.96832e+07
5.18027 -3.64537e+07
5.18227 -3.31015e+07
5.18428 -2.96378e+07
5.18629 -2.6074e+07
5.18829 -2.24213e+07
5.1903 -1.8691e+07
5.19231 -1.48944e+07
5.19431 -1.10428e+07
5.19632 -7.14751e+06
5.19833 -3.21981e+06
5.20033 728991
5.20234 4.68762e+06
5.20435 8.64477e+06
5.20635 1.25892e+07
5.20836 1.65095e+07
5.21037 2.03945e+07
5.21237 2.42328e+07
5.21438 2.80132e+07
5.21639 3.17244e+07
5.21839 3.53551e+07
5.2204 3.88939e+07
5.22241 321390
5.22441 3.64558e+06
5.22642 6.85852e+06
5.22843 9.96214e+06
5.23043 1.29584e+07
5.23244 1.58491e+07
5.23445 1.86363e+07
5.23645 2.13219e+07
5.23846 2.39077e+07
5.24047 2.63958e+07
5.24247 2.87881e+07
5.24448 3.10865e+07
5.24649 3.32928e+07
5.24849 3.54091e+07
5.2505 3.74373e+07
5.25251 3.93792e+07
5.25452 4.12369e+07
5.25652 4.30122e+07
5.25853 4.4707e+07
5.26054 4.63234e+07
5.26254 4.78632e+07
5.26455 4.93283e+07
5.26656 5.07207e+07
5.26856 5.20423e+07
5.27057 5.3295e+07
5.27258 5.44808e+07
5.27458 5.56015e+07
5.27659 5.66591e+07
5.2786 5.76556e+07
5.2806 5.85929e+07
5.28261 5.94728e+07
5.28462 6.02973e+07
5.28662 6.10683e+07
5.28863 6.17878e+07
5.29064 6.24577e+07
5.29264 6.308e+07
5.29465 6.36564e+07
5.29666 6.4189e+07
5.29866 6.46797e+07
5.30067 6.51304e+07
5.30268 6.55431e+07
5.30468 6.59196e+07
5.30669 6.6262e+07
5.3087 6.6572e+07
5.3107 6.68517e+07
5.31271 6.7103e+07
5.31472 6.73278e+07
5.31672 6.7528e+07
5.31873 6.77055e+07
5.32074 6.78624e+07
5.32274 6.80004e+07
5.32475 6.81216e+07
5.32676 6.82278e+07
5.32876 6.8321e+07
5.33077 6.84031e+07
5.33278 6.84761e+07
5.33478 55447.2
5.33679 114463
5.3388 167053
5.3408 213376
5.34281 253593
5.34482 287865
5.34682 316351
5.34883 339211
5.35084 356607
5.35284 368697
5.35485 375644
5.35686 377605
5.35886 374743
5.36087 367217
5.36288 355187
5.36488 338814
5.36689 318257
5.3689 293678
5.3709 265236
5.37291 233091
5.37492 197404
5.37692 158336
5.37893 116045
5.38094 70693.4
5.38294 22440.3
5.38495 -28553.9
5.38696 -82128.9
5.38896 -138124
5.39097 -196380
5.39298 -256736
5.39498 -319032
5.39699 -383107
5.399 -448802
5.401 -515955
5.40301 -584408
5.40502 -653999
5.40702 -724569
5.40903 -795957
5.41104 -868003
5.41304 -940546
5.41505 -1.01343e+06
5.41706 -1.08648e+06
5.41906 -1.15956e+06
5.42107 -1.23249e+06
5.42308 -1.30512e+06
5.42508 -1.37728e+06
5.42709 -1.44883e+06
5.4291 -1.51958e+06
5.4311 -1.58939e+06
5.43311 -1.6581e+06
5.43512 -1.72554e+06
5.43712 -1.79156e+06
5.43913 -1.85599e+06
5.44114 -1.91868e+06
5.44314 -1.97946e+06
5.44515 -11035.5
5.44716 -67603.9
5.44916 -122056
5.45117 -174430
5.45318 -224767
5.45518 -273106
5.45719 -319486
5.4592 -363947
5.4612 -406528
5.46321 -447269
5.46522 -486208
5.46722 -523387
5.46923 -558844
5.47124 -592618
5.47324 -624750
5.47525 -655278
5.47726 -684242
5.47926 -711681
5.48127 -737636
5.48328 -762145
5.48528 -785248
5.48729 -806985
5.4893 -827394
5.4913 -846516
5.49331 -864389
5.49532 -881054
5.49732 -896550
5.49933 -910916
5.50134 -924192
5.50334 -936417
5.50535 -947631
5.50736 -957873
5.50936 -967183
5.51137 -975600
5.51338 -983163
5.51538 -989913
5.51739 -995888
5.5194 -1.00113e+06
5.5214 -1.00567e+06
5.52341 -1.00956e+06
5.52542 -1.01283e+06
5.52742 -1.01553e+06
5.52943 -1.01769e+06
5.53144 -1.01935e+06
5.53344 -1.02055e+06
5.53545 -1.02133e+06
5.53746 -1.02173e+06
5.53946 -1.02179e+06
5.54147 -1.02155e+06
5.54348 -1.02105e+06
5.54548 -1.02033e+06
5.54749 -1.01943e+06
5.5495 -1.01838e+06
5.55151 -1.01723e+06
5.55351 -1.01602e+06
5.55552 -1.01478e+06
5.55753 11207.1
5.55953 12420.8
5.56154 13618.6
5.56355 14800.7
5.56555 15967.1
5.56756 17117.8
5.56957 18252.8
5.57157 19372.2
5.57358 20475.9
5.57559 21564.1
5.57759 22636.7
5.5796 23693.8
5.58161 24735.4
5.58361 25761.5
5.58562 26772.1
5.58763 27767.4
5.58963 28747.2
5.59164 29711.7
5.59365 30660.9
5.59565 31594.7
5.59766 32513.3
5.59967 33416.6
5.60167 34304.8
5.60368 35177.7
5.60569 36035.4
5.60769 36878
5.6097 37705.5
5.61171 38518
5.61371 39315.4
5.61572 40097.7
5.61773 40865.1
5.61973 41617.5
5.62174 42354.9
5.62375 43077.4
5.62575 43785.1
5.62776 44477.9
5.62977 45155.9
5.63177 45819.1
5.63378 46467.5
5.63579 47101.1
5.63779 47720.1
5.6398 48324.3
5.64181 48913.9
5.64381 49488.9
5.64582 50049.3
5.64783 50595.1
5.64983 51126.4
5.65184 51643.1
5.65385 52145.3
5.65585 52633.1
5.65786 53106.5
5.65987 53565.4
5.66187 54010
5.66388 54440.2
5.66589 54856.2
5.66789 11120.9
5.6699 11508.4
5.67191 11882.1
5.67391 12242.1
5.67592 12588.7
5.67793 12922.2
5.67993 13242.9
5.68194 13550.9
5.68395 13846.6
5.68595 14130.2
5.68796 14401.9
5.68997 14662
5.69197 14910.8
5.69398 15148.5
5.69599 15375.3
5.69799 15591.6
5.7 15797.5
